805.092162   0.000475 
801.656492   0.000526 
798.198629   0.000571 
794.821418   0.000609 
791.422143   0.000639 
788.101913   0.000659 
784.759751   0.000668 
781.495071   0.000665 
778.257441   0.000648 
774.998081   0.000616 
771.813950   0.000569 
768.608226   0.000507 
765.476280   0.000429 
762.322879   0.000335 
759.241843   0.000225 
756.185612   0.000099 
753.108139	0
750.100992	0
747.072746	0
744.113510	0
741.133319	0
738.220857	0
735.331196	0
732.420800	0
729.576280	0
726.711172	0
723.910743	0
721.089874	0
718.332520	0
715.596173	0
712.839608	0
710.144871	0
707.430064	0
704.775995	0
702.102005	0
699.487690	0
696.892772	0
694.278155	0
691.721675	0
689.145645	0
686.626754	0
684.088463	0
681.606339	0
679.142161   0.000447 
676.658806   0.000979 
674.230208   0.001549 
671.782580   0.002151 
669.388797   0.002781 
666.976131   0.003431 
664.616419   0.004094 
662.273345   0.004762 
659.911608   0.005427 
657.601533   0.006078 
655.272940   0.006705 
652.995170   0.007298 
650.699029   0.007845 
648.452892   0.008336 
646.222209   0.008757 
643.973370   0.009099 
641.773347   0.009349 
639.555313   0.009495 
637.385323   0.009526 
635.197464   0.009432 
633.056896   0.009202 
630.930706   0.008828 
628.786860   0.008300 
626.689208   0.007612 
624.574042   0.006757 
622.504358   0.005730 
620.417299   0.004529 
618.375027   0.003152 
616.346157   0.001598 
614.300119	0
612.297857	0
610.278564	0
608.302389	0
606.309321	0
604.358728	0
602.420645	0
600.465871	0
598.552636	0
596.622843	0
594.733981	0
592.828694	0
590.963742	0
589.110487	0
587.241003	0
585.410987	0
583.564873	0
581.757662	0
579.934482	0
578.149653	0
576.375775	0
574.586120	0
572.834009	0
571.066248	0
569.335505	0
567.589237	0
565.879475	0
564.179983	0
562.465150	0
560.786074	0
559.091779	0
557.432753	0
555.758631	0
554.119298	0
552.489608	0
550.845002	0
549.234487	0
547.609174   0.005716 
546.017497   0.015505 
544.411140   0.026145 
542.837973   0.037642 
541.273871   0.049996 
539.695264   0.063204 
538.149195   0.077261 
536.588735   0.092156 
535.060388   0.107875 
533.517763   0.124400 
532.006835   0.141712 
530.504441   0.159785 
528.987938   0.178585 
527.502523   0.198095 
526.003110   0.218261 
524.534387   0.239066 
523.051776   0.260462 
521.599466   0.282386 
520.155198   0.304821 
518.697205   0.327687 
517.268943   0.350969 
515.827064   0.374587 
514.414542   0.398492 
512.988510   0.422636 
511.591471   0.446941 
510.202020   0.471373 
508.799216   0.495869 
507.424871   0.520350 
506.037276   0.544766 
504.677791   0.569055 
503.305160   0.593167 
501.960296   0.617040 
500.622600   0.640610 
499.271908   0.663812 
497.948484   0.686614 
496.612165   0.708921 
495.302784   0.730717 
493.980609   0.751937 
492.685051   0.772519 
491.396270   0.792429 
490.094841   0.811620 
488.819559   0.830060 
487.531725   0.847685 
486.269730   0.864464 
484.995279   0.880379 
483.746364   0.895384 
482.503864   0.909461 
481.249051   0.922564 
480.019331   0.934693 
478.777390   0.945830 
477.560253   0.955929 
476.330989   0.965021 
475.126243   0.973059 
473.927575   0.980042 
472.716917   0.985986 
471.530361   0.990876 
470.331903   0.994711 
469.157275   0.997507 
467.970835   0.999265 
466.807956   1.000000 
465.650841   0.999728 
464.482048   0.998450 
463.336421   0.996213 
462.179203   0.993001 
461.044894   0.988862 
459.899080   0.983813 
458.775922   0.977885 
457.658237   0.971093 
456.529174   0.963471 
455.422396   0.955066 
454.304324   0.945894 
453.208294   0.935987 
452.101054   0.925393 
451.015617   0.914127 
449.935379   0.902255 
448.844054   0.889791 
447.774181   0.876768 
446.693302   0.863233 
445.633646   0.849219 
444.563064   0.834758 
443.513479   0.819913 
442.468838   0.804685 
441.413390   0.789137 
440.378607   0.773286 
439.333096   0.757195 
438.308032   0.740864 
437.272318   0.724341 
436.256837   0.707675 
435.246061   0.690881 
434.224750   0.673991 
433.223359   0.657052 
432.211507   0.640066 
431.219369   0.623080 
430.216847   0.606126 
429.233834   0.589220 
428.255304   0.572378 
427.266500   0.555648 
426.296909   0.539029 
425.317118   0.522571 
424.356344   0.506256 
423.385443   0.490133 
422.433366   0.474217 
421.485562   0.458510 
420.527738   0.443026 
419.588456   0.427798 
418.639225   0.412825 
417.708352   0.398124 
416.767599   0.383711 
415.845021   0.369569 
414.926519   0.355747 
413.998240   0.342212 
413.087869   0.328998 
412.167790   0.316086 
411.265443   0.303511 
410.353455   0.291255 
409.459026   0.279334 
408.568487   0.267733 
407.668408   0.256452 
406.785633   0.245506 
405.893384   0.234896 
405.018271   0.224621 
404.133749   0.214650 
403.266199   0.205014 
402.402366   0.195698 
401.529221   0.186702 
400.672806   0.178009 
399.807143   0.169636 
398.958049   0.161567 
398.099772   0.153783 
397.257908   0.146300 
396.419596   0.139105 
395.572195   0.132189 
394.740976   0.125549 
393.900728   0.119178 
393.076511   0.113069 
392.243326   0.107215 
391.426024   0.101611 
390.612120   0.096246 
389.789339   0.091119 
388.982221   0.086218 
388.166285   0.081538 
387.365867   0.077070 
386.556691   0.072811 
385.762890   0.068751 
384.972344   0.064884 
384.173126   0.061202 
383.389075   0.057701 
382.596411   0.054373 
381.818776   0.051209 
381.032586   0.048206 
380.261288   0.045356 
379.493107   0.042654 
378.716455   0.040092 
377.954496   0.037666 
377.184123   0.035369 
376.428312   0.033195 
375.664141   0.031140 
374.914403   0.029199 
374.167651   0.027365 
373.412622   0.025632 
372.671836   0.023999 
371.922825   0.022459 
371.187932   0.021008 
370.444868   0.019642 
369.715798   0.018355 
368.989593   0.017144 
368.255296   0.016006 
367.534811   0.014937 
366.806287   0.013932 
366.091455   0.012989 
365.368636   0.012104 
364.659391   0.011275 
363.952894   0.010497 
363.238488   0.009768 
362.537481   0.009086 
361.828614   0.008448 
361.133033   0.007851 
360.429643   0.007293 
359.739426   0.006771 
359.051846   0.006284 
358.356532   0.005830 
357.674224   0.005405 
356.984230   0.005010 
356.307133   0.004642 
355.622398   0.004298 
354.950452   0.003978 
354.281041   0.003681 
353.604064   0.003404 
352.939716   0.003147 
352.267851   0.002908 
351.608511   0.002685 
350.941699   0.002479 
350.287309   0.002288 
349.635354   0.002110 
348.975999   0.001946 
348.328912   0.001793 
347.674471   0.001652 
347.032197   0.001521 
346.382614   0.001400 
345.745100   0.001288 
345.109929   0.001185 
344.467516   0.001089 
343.837025   0.001001 
343.199338   0.000920 
342.573478   0.000844 
341.940464   0.000775 
341.319182   0.000711 
340.700154   0.000652 
340.074039   0.000598 
339.459514   0.000548 
338.837946   0.000502 
338.227877   0.000459 
337.610808   0.000420 
337.005145   0.000384 
336.401652   0.000352 
335.791222   0.000321 
335.192065   0.000294 
334.586013   0.000268 
333.991145   0.000245 
333.389424   0.000223 
332.798800   0.000204 
332.210265   0.000186 
331.614938   0.000169 
331.030579   0.000154 
330.439469   0.000141 
329.859241   0.000128 
329.272303   0.000117 
328.696164   0.000106 
328.122037   0.000096 
327.541260   0.000088 
326.971157   0.000080 
326.394443   0.000072 
325.828322   0.000066 
325.255628   0.000060 
324.693448   0.000054 
324.133207   0.000049 
323.566452   0.000045 
323.010090   0.000040 
322.447252   0.000037 
321.894730   0.000033 
321.335769   0.000030 
320.787045   0.000027 
320.240193   0.000025 
319.686958   0.000022 
319.143847   0.000020 
318.594390   0.000018 
318.054982   0.000016 
317.509265   0.000015 
316.973522   0.000013 
316.439583   0.000012 
315.899391   0.000011 
315.369062   0.000010 
314.832516   0.000009 
314.305760   0.000008 
313.772822   0.000007 
313.249603   0.000006 
312.728126   0.000006 
312.200521   0.000005 
311.682528   0.000005 
311.158443   0.000004 
310.643899   0.000004 
310.123297   0.000003 
309.612169   0.000003 
309.102722   0.000003 
308.587269   0.000002 
308.081187   0.000002 
307.569132   0.000002 
307.066382   0.000002 
306.557692   0.000002 
306.058240   0.000001 
305.560413   0.000001 
305.056696   0.000001 
304.562119   0.000001 
304.061686   0.000001 
303.570327   0.000001 
303.073145   0.000001 
302.584974   0.000001 
302.098372   0.000001 
301.605996   0.000001 
301.122536   0.000000 
300.633333   0.000000 
300.152984   0.000000 
299.666924   0.000000 
299.189655   0.000000 
298.713904   0.000000 
298.232490   0.000000 
297.759776   0.000000 
297.281430   0.000000 
296.811723   0.000000 
296.336416   0.000000 
295.869689   0.000000 
295.404429   0.000000 
294.933615   0.000000 
294.471293   0.000000 
294.003445   0.000000 
293.544032   0.000000 
293.079125   0.000000 
292.622594   0.000000 
292.167483   0.000000 
291.706922   0.000000 
291.254652   0.000000 
290.796963   0.000000 
290.347508   0.000000 
289.892663   0.000000 
289.445997   0.000000 
289.000706   0.000000 
288.550067   0.000000 
288.107527   0.000000 
287.659667   0.000000 
287.219851   0.000000 
286.774744   0.000000 
286.337628   0.000000 
285.901842   0.000000 
285.460809   0.000000 
285.027686   0.000000 
284.589343   0.000000 
284.158858   0.000000 
283.723181   0.000000 
283.295311   0.000000 
282.868730   0.000000 
282.436997   0.000000 
282.012995   0.000000 
281.583868   0.000000 
281.162421   0.000000 
280.735878   0.000000 
280.316964   0.000000 
279.899298   0.000000 
279.476575   0.000000 
279.061408   0.000000 
278.641210   0.000000 
278.228520   0.000000 
277.810825   0.000000 
277.400588   0.000000 
276.991562   0.000000 
276.577570   0.000000 
276.170965   0.000000 
275.759420   0.000000 
275.355216   0.000000 
274.946097   0.000000 
274.544271   0.000000 
274.143619   0.000000 
273.738090   0.000000 
273.339785   0.000000 
272.936629   0.000000 
272.540651   0.000000 
272.139847   0.000000 
271.746176   0.000000 
271.353643   0.000000 
270.956320   0.000000 
270.566064   0.000000 
270.171042   0.000000 
269.783043   0.000000 
269.390303   0.000000 
269.004541   0.000000 
268.619883   0.000000 
268.230519  -0.000000 
267.848070  -0.000000 
267.460939  -0.000000 
267.080679  -0.000000 
266.695762  -0.000000 
266.317674   0.000000 
265.940655   0.000000 
265.559015   0.000000 
265.184140   0.000000 
264.804667  -0.000000 
264.431917   0.000000 
264.054592   0.000000 
263.683949   0.000000 
263.314346   0.000000 
262.940201   0.000000 
262.572678   0.000000 
262.200637   0.000000 
261.835177   0.000000 
261.465221   0.000000 
261.101807   0.000000 
260.739402   0.000000 
260.372533   0.000000 
260.012149   0.000000 
259.647323  -0.000000 
259.288941   0.000000 
258.926140   0.000000 
258.569746  -0.000000 
258.214331   0.000000 
257.854529   0.000000 
257.501076  -0.000000 
257.143257  -0.000000 
256.791751  -0.000000 
256.435899  -0.000000 
256.086322  -0.000000 
255.737697  -0.000000 
255.384759  -0.000000 
255.038040  -0.000000 
254.687030  -0.000000 
254.342202   0.000000 
253.993102  -0.000000 
253.650149   0.000000 
253.308121   0.000000 
252.961853  -0.000000 
252.621677  -0.000000 
252.277282   0.000000 
251.938944   0.000000 
251.596406   0.000000 
251.259891   0.000000 
250.924274   0.000000 
250.584488   0.000000 
250.250672   0.000000 
249.912707   0.000000 
249.580677   0.000000 
249.244518   0.000000 
248.914260  -0.000000 
248.584876  -0.000000 
248.251393   0.000000 
247.923760   0.000000 
247.592046   0.000000 
247.266150   0.000000 
246.936193  -0.000000 
246.612020  -0.000000 
246.288697   0.000000 
245.961341  -0.000000 
245.639721  -0.000000 
245.314088  -0.000000 
244.994157  -0.000000 
244.670231  -0.000000 
244.351977  -0.000000 
244.034549   0.000000 
243.713154   0.000000 
243.397383   0.000000 
243.077663   0.000000 
242.763536   0.000000 
242.445478   0.000000 
242.132981   0.000000 
241.821289   0.000000 
241.505694   0.000000 
241.195613   0.000000 
240.881648   0.000000 
240.573167   0.000000 
240.260819   0.000000 
239.953925   0.000000 
239.647814   0.000000 
239.337863   0.000000 
239.033320   0.000000 
238.724956  -0.000000 
238.421970  -0.000000 
238.115180  -0.000000 
237.813739  -0.000000 
237.513061  -0.000000 
237.208604  -0.000000 
236.909453  -0.000000 
236.606540  -0.000000 
236.308905  -0.000000 
236.007525  -0.000000 
235.711394  -0.000000 
235.416005   0.000000 
235.116896   0.000000 
234.822995   0.000000 
234.525391   0.000000 
234.232965   0.000000 
233.936854   0.000000 
233.645893   0.000000 
233.355655   0.000000 
233.061756   0.000000 
232.772967   0.000000 
232.480533   0.000000 
232.193181  -0.000000 
231.902201  -0.000000 
231.616277  -0.000000 
231.331056  -0.000000 
231.042232  -0.000000 
230.758423  -0.000000 
230.471026  -0.000000 
230.188617  -0.000000 
229.902637  -0.000000 
229.621619  -0.000000 
229.341287  -0.000000 
229.057407  -0.000000 
228.778450  -0.000000 
228.495960   0.000000 
228.218368   0.000000 
227.937260   0.000000 
227.661023   0.000000 
227.385455   0.000000 
227.106393   0.000000 
226.832165   0.000000 
226.554459   0.000000 
226.281561   0.000000 
226.005201   0.000000 
225.733624   0.000000 
225.462699   0.000000 
225.188334   0.000000 
224.918716   0.000000 
224.645672  -0.000000 
224.377351   0.000000 
224.105620  -0.000000 
223.838586   0.000000 
223.572189   0.000000 
223.302403   0.000000 
223.037279  -0.000000 
222.768781  -0.000000 
222.504923  -0.000000 
222.237705  -0.000000 
221.975102  -0.000000 
221.713119  -0.000000 
221.447798  -0.000000 
221.187057   0.000000 
220.922993   0.000000 
220.663486   0.000000 
220.400670  -0.000000 
220.142388  -0.000000 
219.884711  -0.000000 
219.623745  -0.000000 
219.367280  -0.000000 
219.107541   0.000000 
218.852279   0.000000 
218.593757  -0.000000 
218.339690   0.000000 
218.086213  -0.000000 
217.829497  -0.000000 
217.577202  -0.000000 
217.321682  -0.000000 
217.070562  -0.000000 
216.816230  -0.000000 
216.566276  -0.000000 
216.316898  -0.000000 
216.064327  -0.000000 
215.816103   0.000000 
215.564700   0.000000 
215.317622  -0.000000 
215.067378   0.000000 
214.821438  -0.000000 
214.576060   0.000000 
214.327536  -0.000000 
214.083284   0.000000 
213.835900   0.000000 
213.592766   0.000000 
213.346514   0.000000 
213.104491   0.000000 
212.863017  -0.000000 
212.618444  -0.000000 
212.378069  -0.000000 
212.134608  -0.000000 
211.895326  -0.000000 
211.652969  -0.000000 
211.414772  -0.000000 
211.177110   0.000000 
210.936393  -0.000000 
210.699805  -0.000000 
210.460174  -0.000000 
210.224652  -0.000000 
209.986100   0.000000 
209.751638   0.000000 
209.517698   0.000000 
209.280747   0.000000 
209.047856   0.000000 
208.811966   0.000000 
208.580117   0.000000 
208.345281   0.000000 
208.114466   0.000000 
207.884162   0.000000 
207.650889   0.000000 
207.421610  -0.000000 
207.189374   0.000000 
206.961111   0.000000 
206.729905  -0.000000 
206.502653  -0.000000 
206.275901  -0.000000 
206.046222  -0.000000 
205.820470  -0.000000 
205.591803  -0.000000 
205.367046  -0.000000 
205.139385  -0.000000 
204.915615  -0.000000 
204.692333  -0.000000 
204.466165  -0.000000 
204.243860  -0.000000 
204.018682  -0.000000 
203.797349   0.000000 
203.573153   0.000000 
203.352785   0.000000 
203.132894   0.000000 
202.910157   0.000000 
202.691221   0.000000 
202.469451   0.000000 
202.251465  -0.000000 
202.030656   0.000000 
201.813613   0.000000 
201.597036   0.000000 
201.377652   0.000000 
201.162010  -0.000000 
200.943571   0.000000 
200.728857   0.000000 
200.511358   0.000000 
200.297565  -0.000000 
