805.092162	0
801.656492	0
798.198629	0
794.821418	0
791.422143	0
788.101913	0
784.759751	0
781.495071	0
778.257441	0
774.998081	0
771.813950	0
768.608226	0
765.476280	0
762.322879	0
759.241843	0
756.185612   0.000547 
753.108139   0.002850 
750.100992   0.005297 
747.072746   0.007854 
744.113510   0.010485 
741.133319   0.013146 
738.220857   0.015794 
735.331196   0.018381 
732.420800   0.020857 
729.576280   0.023172 
726.711172   0.025273 
723.910743   0.027109 
721.089874   0.028630 
718.332520   0.029785 
715.596173   0.030531 
712.839608   0.030823 
710.144871   0.030622 
707.430064   0.029895 
704.775995   0.028614 
702.102005   0.026757 
699.487690   0.024308 
696.892772   0.021259 
694.278155   0.017614 
691.721675   0.013378 
689.145645   0.008569 
686.626754   0.003214 
684.088463	0
681.606339	0
679.142161	0
676.658806	0
674.230208	0
671.782580	0
669.388797	0
666.976131	0
664.616419	0
662.273345	0
659.911608	0
657.601533	0
655.272940	0
652.995170	0
650.699029	0
648.452892	0
646.222209	0
643.973370	0
641.773347	0
639.555313	0
637.385323	0
635.197464	0
633.056896	0
630.930706	0
628.786860	0
626.689208	0
624.574042	0
622.504358	0
620.417299	0
618.375027	0
616.346157	0
614.300119	0
612.297857   0.018205 
610.278564   0.039471 
608.302389   0.062227 
606.309321   0.086407 
604.358728   0.111938 
602.420645   0.138740 
600.465871   0.166708 
598.552636   0.195773 
596.622843   0.225800 
594.733981   0.256677 
592.828694   0.288307 
590.963742   0.320542 
589.110487   0.353281 
587.241003   0.386379 
585.410987   0.419698 
583.564873   0.453116 
581.757662   0.486509 
579.934482   0.519730 
578.149653   0.552643 
576.375775   0.585136 
574.586120   0.617074 
572.834009   0.648334 
571.066248   0.678805 
569.335505   0.708363 
567.589237   0.736923 
565.879475   0.764360 
564.179983   0.790589 
562.465150   0.815535 
560.786074   0.839113 
559.091779   0.861235 
557.432753   0.881865 
555.758631   0.900930 
554.119298   0.918379 
552.489608   0.934187 
550.845002   0.948319 
549.234487   0.960762 
547.609174   0.971478 
546.017497   0.980479 
544.411140   0.987767 
542.837973   0.993341 
541.273871   0.997225 
539.695264   0.999433 
538.149195   1.000000 
536.588735   0.998952 
535.060388   0.996350 
533.517763   0.992219 
532.006835   0.986633 
530.504441   0.979616 
528.987938   0.971243 
527.502523   0.961588 
526.003110   0.950687 
524.534387   0.938639 
523.051776   0.925494 
521.599466   0.911325 
520.155198   0.896207 
518.697205   0.880225 
517.268943   0.863430 
515.827064   0.845907 
514.414542   0.827731 
512.988510   0.808975 
511.591471   0.789701 
510.202020   0.769983 
508.799216   0.749895 
507.424871   0.729499 
506.037276   0.708856 
504.677791   0.688041 
503.305160   0.667102 
501.960296   0.646102 
500.622600   0.625102 
499.271908   0.604138 
497.948484   0.583261 
496.612165   0.562532 
495.302784   0.541988 
493.980609   0.521666 
492.685051   0.501591 
491.396270   0.481824 
490.094841   0.462377 
488.819559   0.443288 
487.531725   0.424581 
486.269730   0.406282 
484.995279   0.388389 
483.746364   0.370952 
482.503864   0.353960 
481.249051   0.337448 
480.019331   0.321405 
478.777390   0.305855 
477.560253   0.290798 
476.330989   0.276235 
475.126243   0.262177 
473.927575   0.248613 
472.716917   0.235541 
471.530361   0.222976 
470.331903   0.210903 
469.157275   0.199312 
467.970835   0.188189 
466.807956   0.177559 
465.650841   0.167374 
464.482048   0.157657 
463.336421   0.148383 
462.179203   0.139542 
461.044894   0.131119 
459.899080   0.123103 
458.775922   0.115489 
457.658237   0.108262 
456.529174   0.101408 
455.422396   0.094915 
454.304324   0.088770 
453.208294   0.082958 
452.101054   0.077468 
451.015617   0.072288 
449.935379   0.067403 
448.844054   0.062801 
447.774181   0.058472 
446.693302   0.054399 
445.633646   0.050573 
444.563064   0.046984 
443.513479   0.043616 
442.468838   0.040462 
441.413390   0.037508 
440.378607   0.034745 
439.333096   0.032164 
438.308032   0.029753 
437.272318   0.027504 
436.256837   0.025406 
435.246061   0.023453 
434.224750   0.021635 
433.223359   0.019945 
432.211507   0.018374 
431.219369   0.016915 
430.216847   0.015561 
429.233834   0.014307 
428.255304   0.013144 
427.266500   0.012069 
426.296909   0.011074 
425.317118   0.010154 
424.356344   0.009305 
423.385443   0.008521 
422.433366   0.007798 
421.485562   0.007131 
420.527738   0.006518 
419.588456   0.005954 
418.639225   0.005435 
417.708352   0.004958 
416.767599   0.004520 
415.845021   0.004118 
414.926519   0.003749 
413.998240   0.003412 
413.087869   0.003103 
412.167790   0.002820 
411.265443   0.002561 
410.353455   0.002325 
409.459026   0.002109 
408.568487   0.001912 
407.668408   0.001733 
406.785633   0.001569 
405.893384   0.001420 
405.018271   0.001284 
404.133749   0.001161 
403.266199   0.001049 
402.402366   0.000947 
401.529221   0.000854 
400.672806   0.000771 
399.807143   0.000694 
398.958049   0.000626 
398.099772   0.000563 
397.257908   0.000507 
396.419596   0.000456 
395.572195   0.000409 
394.740976   0.000368 
393.900728   0.000330 
393.076511   0.000296 
392.243326   0.000266 
391.426024   0.000238 
390.612120   0.000213 
389.789339   0.000191 
388.982221   0.000171 
388.166285   0.000153 
387.365867   0.000136 
386.556691   0.000122 
385.762890   0.000109 
384.972344   0.000097 
384.173126   0.000087 
383.389075   0.000077 
382.596411   0.000069 
381.818776   0.000061 
381.032586   0.000054 
380.261288   0.000048 
379.493107   0.000043 
378.716455   0.000038 
377.954496   0.000034 
377.184123   0.000030 
376.428312   0.000027 
375.664141   0.000024 
374.914403   0.000021 
374.167651   0.000019 
373.412622   0.000016 
372.671836   0.000015 
371.922825   0.000013 
371.187932   0.000011 
370.444868   0.000010 
369.715798   0.000009 
368.989593   0.000008 
368.255296   0.000007 
367.534811   0.000006 
366.806287   0.000005 
366.091455   0.000005 
365.368636   0.000004 
364.659391   0.000004 
363.952894   0.000003 
363.238488   0.000003 
362.537481   0.000002 
361.828614   0.000002 
361.133033   0.000002 
360.429643   0.000002 
359.739426   0.000001 
359.051846   0.000001 
358.356532   0.000001 
357.674224   0.000001 
356.984230   0.000001 
356.307133   0.000001 
355.622398   0.000001 
354.950452   0.000001 
354.281041   0.000001 
353.604064   0.000000 
352.939716   0.000000 
352.267851   0.000000 
351.608511   0.000000 
350.941699   0.000000 
350.287309   0.000000 
349.635354   0.000000 
348.975999   0.000000 
348.328912   0.000000 
347.674471   0.000000 
347.032197   0.000000 
346.382614   0.000000 
345.745100   0.000000 
345.109929   0.000000 
344.467516   0.000000 
343.837025   0.000000 
343.199338   0.000000 
342.573478   0.000000 
341.940464   0.000000 
341.319182   0.000000 
340.700154   0.000000 
340.074039   0.000000 
339.459514   0.000000 
338.837946   0.000000 
338.227877   0.000000 
337.610808   0.000000 
337.005145   0.000000 
336.401652   0.000000 
335.791222   0.000000 
335.192065   0.000000 
334.586013   0.000000 
333.991145   0.000000 
333.389424   0.000000 
332.798800   0.000000 
332.210265   0.000000 
331.614938   0.000000 
331.030579   0.000000 
330.439469   0.000000 
329.859241   0.000000 
329.272303   0.000000 
328.696164   0.000000 
328.122037   0.000000 
327.541260   0.000000 
326.971157   0.000000 
326.394443   0.000000 
325.828322   0.000000 
325.255628   0.000000 
324.693448   0.000000 
324.133207   0.000000 
323.566452   0.000000 
323.010090   0.000000 
322.447252   0.000000 
321.894730   0.000000 
321.335769   0.000000 
320.787045   0.000000 
320.240193   0.000000 
319.686958   0.000000 
319.143847   0.000000 
318.594390   0.000000 
318.054982   0.000000 
317.509265  -0.000000 
316.973522  -0.000000 
316.439583  -0.000000 
315.899391  -0.000000 
315.369062  -0.000000 
314.832516   0.000000 
314.305760   0.000000 
313.772822   0.000000 
313.249603   0.000000 
312.728126   0.000000 
312.200521   0.000000 
311.682528   0.000000 
311.158443   0.000000 
310.643899   0.000000 
310.123297   0.000000 
309.612169   0.000000 
309.102722   0.000000 
308.587269   0.000000 
308.081187   0.000000 
307.569132   0.000000 
307.066382   0.000000 
306.557692   0.000000 
306.058240   0.000000 
305.560413   0.000000 
305.056696  -0.000000 
304.562119   0.000000 
304.061686   0.000000 
303.570327   0.000000 
303.073145  -0.000000 
302.584974  -0.000000 
302.098372  -0.000000 
301.605996   0.000000 
301.122536   0.000000 
300.633333   0.000000 
300.152984   0.000000 
299.666924   0.000000 
299.189655   0.000000 
298.713904   0.000000 
298.232490   0.000000 
297.759776   0.000000 
297.281430   0.000000 
296.811723   0.000000 
296.336416  -0.000000 
295.869689  -0.000000 
295.404429  -0.000000 
294.933615  -0.000000 
294.471293  -0.000000 
294.003445   0.000000 
293.544032  -0.000000 
293.079125  -0.000000 
292.622594  -0.000000 
292.167483  -0.000000 
291.706922  -0.000000 
291.254652   0.000000 
290.796963   0.000000 
290.347508   0.000000 
289.892663   0.000000 
289.445997   0.000000 
289.000706   0.000000 
288.550067   0.000000 
288.107527   0.000000 
287.659667   0.000000 
287.219851   0.000000 
286.774744   0.000000 
286.337628  -0.000000 
285.901842  -0.000000 
285.460809  -0.000000 
285.027686   0.000000 
284.589343   0.000000 
284.158858   0.000000 
283.723181   0.000000 
283.295311   0.000000 
282.868730   0.000000 
282.436997  -0.000000 
282.012995  -0.000000 
281.583868   0.000000 
281.162421   0.000000 
280.735878   0.000000 
280.316964   0.000000 
279.899298   0.000000 
279.476575   0.000000 
279.061408   0.000000 
278.641210  -0.000000 
278.228520   0.000000 
277.810825   0.000000 
277.400588   0.000000 
276.991562  -0.000000 
276.577570  -0.000000 
276.170965   0.000000 
275.759420   0.000000 
275.355216   0.000000 
274.946097   0.000000 
274.544271  -0.000000 
274.143619  -0.000000 
273.738090  -0.000000 
273.339785  -0.000000 
272.936629   0.000000 
272.540651   0.000000 
272.139847   0.000000 
271.746176   0.000000 
271.353643   0.000000 
270.956320   0.000000 
270.566064   0.000000 
270.171042   0.000000 
269.783043   0.000000 
269.390303   0.000000 
269.004541   0.000000 
268.619883  -0.000000 
268.230519   0.000000 
267.848070   0.000000 
267.460939   0.000000 
267.080679   0.000000 
266.695762  -0.000000 
266.317674  -0.000000 
265.940655  -0.000000 
265.559015  -0.000000 
265.184140  -0.000000 
264.804667  -0.000000 
264.431917  -0.000000 
264.054592  -0.000000 
263.683949   0.000000 
263.314346   0.000000 
262.940201   0.000000 
262.572678   0.000000 
262.200637   0.000000 
261.835177   0.000000 
261.465221   0.000000 
261.101807   0.000000 
260.739402   0.000000 
260.372533   0.000000 
260.012149  -0.000000 
259.647323  -0.000000 
259.288941  -0.000000 
258.926140  -0.000000 
258.569746  -0.000000 
258.214331  -0.000000 
257.854529  -0.000000 
257.501076  -0.000000 
257.143257  -0.000000 
256.791751  -0.000000 
256.435899   0.000000 
256.086322   0.000000 
255.737697   0.000000 
255.384759   0.000000 
255.038040   0.000000 
254.687030   0.000000 
254.342202   0.000000 
253.993102   0.000000 
253.650149   0.000000 
253.308121   0.000000 
252.961853   0.000000 
252.621677  -0.000000 
252.277282  -0.000000 
251.938944  -0.000000 
251.596406  -0.000000 
251.259891  -0.000000 
250.924274  -0.000000 
250.584488  -0.000000 
250.250672  -0.000000 
249.912707   0.000000 
249.580677  -0.000000 
249.244518   0.000000 
248.914260   0.000000 
248.584876   0.000000 
248.251393   0.000000 
247.923760   0.000000 
247.592046   0.000000 
247.266150  -0.000000 
246.936193  -0.000000 
246.612020   0.000000 
246.288697   0.000000 
245.961341   0.000000 
245.639721  -0.000000 
245.314088  -0.000000 
244.994157  -0.000000 
244.670231  -0.000000 
244.351977  -0.000000 
244.034549   0.000000 
243.713154   0.000000 
243.397383   0.000000 
243.077663  -0.000000 
242.763536  -0.000000 
242.445478  -0.000000 
242.132981   0.000000 
241.821289   0.000000 
241.505694   0.000000 
241.195613  -0.000000 
240.881648  -0.000000 
240.573167  -0.000000 
240.260819  -0.000000 
239.953925  -0.000000 
239.647814  -0.000000 
239.337863  -0.000000 
239.033320   0.000000 
238.724956  -0.000000 
238.421970  -0.000000 
238.115180  -0.000000 
237.813739   0.000000 
237.513061  -0.000000 
237.208604   0.000000 
236.909453  -0.000000 
236.606540  -0.000000 
236.308905  -0.000000 
236.007525  -0.000000 
235.711394  -0.000000 
235.416005   0.000000 
235.116896   0.000000 
234.822995   0.000000 
234.525391   0.000000 
234.232965   0.000000 
233.936854   0.000000 
233.645893   0.000000 
233.355655   0.000000 
233.061756   0.000000 
232.772967   0.000000 
232.480533   0.000000 
232.193181  -0.000000 
231.902201  -0.000000 
231.616277  -0.000000 
231.331056  -0.000000 
231.042232   0.000000 
230.758423  -0.000000 
230.471026  -0.000000 
230.188617  -0.000000 
229.902637  -0.000000 
229.621619  -0.000000 
229.341287  -0.000000 
229.057407   0.000000 
228.778450   0.000000 
228.495960   0.000000 
228.218368   0.000000 
227.937260   0.000000 
227.661023   0.000000 
227.385455   0.000000 
227.106393   0.000000 
226.832165   0.000000 
226.554459   0.000000 
226.281561   0.000000 
226.005201   0.000000 
225.733624  -0.000000 
225.462699  -0.000000 
225.188334  -0.000000 
224.918716  -0.000000 
224.645672  -0.000000 
224.377351  -0.000000 
224.105620  -0.000000 
223.838586  -0.000000 
223.572189  -0.000000 
223.302403  -0.000000 
223.037279   0.000000 
222.768781   0.000000 
222.504923   0.000000 
222.237705   0.000000 
221.975102   0.000000 
221.713119   0.000000 
221.447798   0.000000 
221.187057   0.000000 
220.922993   0.000000 
220.663486  -0.000000 
220.400670   0.000000 
220.142388  -0.000000 
219.884711  -0.000000 
219.623745  -0.000000 
219.367280  -0.000000 
219.107541  -0.000000 
218.852279  -0.000000 
218.593757  -0.000000 
218.339690   0.000000 
218.086213   0.000000 
217.829497   0.000000 
217.577202  -0.000000 
217.321682   0.000000 
217.070562   0.000000 
216.816230   0.000000 
216.566276   0.000000 
216.316898   0.000000 
216.064327  -0.000000 
215.816103  -0.000000 
215.564700  -0.000000 
215.317622  -0.000000 
215.067378  -0.000000 
214.821438   0.000000 
214.576060  -0.000000 
214.327536  -0.000000 
214.083284  -0.000000 
213.835900  -0.000000 
213.592766   0.000000 
213.346514   0.000000 
213.104491   0.000000 
212.863017   0.000000 
212.618444   0.000000 
212.378069   0.000000 
212.134608  -0.000000 
211.895326   0.000000 
211.652969   0.000000 
211.414772   0.000000 
211.177110   0.000000 
210.936393   0.000000 
210.699805  -0.000000 
210.460174  -0.000000 
210.224652  -0.000000 
209.986100  -0.000000 
209.751638  -0.000000 
209.517698  -0.000000 
209.280747   0.000000 
209.047856   0.000000 
208.811966  -0.000000 
208.580117   0.000000 
208.345281   0.000000 
208.114466   0.000000 
207.884162   0.000000 
207.650889   0.000000 
207.421610   0.000000 
207.189374   0.000000 
206.961111   0.000000 
206.729905   0.000000 
206.502653   0.000000 
206.275901   0.000000 
206.046222   0.000000 
205.820470  -0.000000 
205.591803  -0.000000 
205.367046  -0.000000 
205.139385   0.000000 
204.915615   0.000000 
204.692333   0.000000 
204.466165  -0.000000 
204.243860  -0.000000 
204.018682  -0.000000 
203.797349  -0.000000 
203.573153  -0.000000 
203.352785   0.000000 
203.132894   0.000000 
202.910157  -0.000000 
202.691221  -0.000000 
202.469451  -0.000000 
202.251465   0.000000 
202.030656   0.000000 
201.813613   0.000000 
201.597036   0.000000 
201.377652   0.000000 
201.162010   0.000000 
200.943571   0.000000 
200.728857   0.000000 
200.511358   0.000000 
200.297565   0.000000 
