   405.630      0.000 
   418.673      0.000 
   428.578      0.001 
   433.482      0.002 
   438.962      0.002 
   440.820      0.002 
   447.287      0.004 
   448.894      0.004 
   450.511      0.005 
   451.978      0.005 
   455.436      0.007 
   459.453      0.009 
   460.299      0.010 
   461.319      0.010 
   464.749      0.013 
   466.135      0.014 
   466.832      0.014 
   467.530      0.015 
   470.345      0.015 
   471.231      0.015 
   471.943      0.016 
   473.015      0.017 
   474.091      0.018 
   475.172      0.019 
   478.080      0.024 
   481.580      0.028 
   482.323      0.029 
   483.069      0.030 
   483.816      0.032 
   484.379      0.033 
   485.319      0.036 
   485.885      0.037 
   486.452      0.039 
   487.401      0.043 
   489.500      0.051 
   490.268      0.053 
   490.846      0.055 
   491.618      0.057 
   492.199      0.058 
   494.340      0.063 
   495.123      0.064 
   495.909      0.066 
   496.697      0.069 
   497.488      0.071 
   498.281      0.074 
   499.077      0.078 
   500.676      0.085 
   501.480      0.088 
   501.882      0.090 
   502.286      0.091 
   502.487      0.091 
   502.892      0.092 
   503.297      0.093 
   503.499      0.093 
   503.905      0.093 
   504.312      0.093 
   504.719      0.092 
   504.923      0.092 
   505.331      0.091 
   505.945      0.090 
   506.560      0.088 
   507.589      0.085 
   508.208      0.083 
   508.828      0.082 
   509.243      0.081 
   509.658      0.081 
   509.866      0.081 
   510.282      0.081 
   510.699      0.082 
   511.117      0.083 
   511.535      0.084 
   511.954      0.086 
   512.374      0.087 
   513.005      0.091 
   513.426      0.093 
   514.060      0.097 
   516.396      0.112 
   517.250      0.118 
   517.893      0.122 
   518.968      0.127 
   519.616      0.131 
   521.349      0.139 
   521.785      0.141 
   522.221      0.143 
   522.876      0.147 
   523.314      0.150 
   523.752      0.154 
   524.192      0.158 
   524.632      0.162 
   525.072      0.167 
   525.514      0.173 
   526.177      0.182 
   526.621      0.189 
   527.287      0.199 
   529.521      0.236 
   530.645      0.254 
   531.322      0.264 
   531.774      0.270 
   532.453      0.279 
   532.907      0.285 
   533.362      0.290 
   533.817      0.294 
   534.274      0.298 
   534.731      0.301 
   535.189      0.303 
   535.647      0.305 
   536.107      0.306 
   537.259      0.310 
   537.721      0.311 
   537.953      0.312 
   538.184      0.314 
   538.416      0.315 
   538.648      0.317 
   539.113      0.320 
   539.345      0.323 
   539.811      0.328 
   540.044      0.331 
   540.511      0.338 
   541.214      0.349 
   543.095      0.381 
   543.804      0.392 
   544.277      0.398 
   544.751      0.403 
   544.989      0.406 
   545.227      0.408 
   545.465      0.410 
   545.703      0.411 
   545.941      0.413 
   546.180      0.414 
   546.418      0.415 
   546.657      0.415 
   546.897      0.415 
   547.136      0.414 
   547.376      0.413 
   547.615      0.412 
   547.855      0.410 
   548.096      0.408 
   548.336      0.405 
   548.577      0.402 
   548.817      0.398 
   549.059      0.393 
   549.541      0.383 
   550.025      0.371 
   550.752      0.349 
   552.456      0.291 
   553.189      0.268 
   553.679      0.254 
   553.925      0.248 
   554.416      0.237 
   554.662      0.232 
   554.908      0.228 
   555.155      0.225 
   555.401      0.222 
   555.648      0.220 
   555.895      0.218 
   556.143      0.216 
   556.390      0.216 
   556.638      0.215 
   556.886      0.216 
   557.134      0.216 
   557.383      0.217 
   557.631      0.218 
   557.880      0.220 
   558.129      0.222 
   558.379      0.224 
   558.878      0.229 
   559.629      0.238 
   560.130      0.245 
   560.884      0.256 
   562.905      0.288 
   563.666      0.299 
   564.430      0.310 
   564.940      0.316 
   565.451      0.321 
   565.707      0.323 
   566.220      0.327 
   566.476      0.328 
   566.990      0.331 
   568.021      0.335 
   568.279      0.336 
   568.537      0.338 
   568.796      0.339 
   569.055      0.341 
   569.314      0.344 
   569.574      0.346 
   569.833      0.349 
   570.093      0.353 
   570.353      0.357 
   570.614      0.361 
   570.874      0.366 
   571.135      0.372 
   571.657      0.384 
   572.443      0.406 
   573.493      0.440 
   575.076      0.494 
   576.668      0.549 
   577.734      0.589 
   578.536      0.621 
   580.148      0.687 
   580.687      0.708 
   581.227      0.727 
   581.497      0.735 
   581.768      0.743 
   582.038      0.749 
   582.310      0.755 
   582.581      0.759 
   582.853      0.762 
   583.125      0.765 
   583.397      0.766 
   583.669      0.766 
   583.942      0.765 
   584.215      0.764 
   584.488      0.761 
   584.761      0.758 
   585.035      0.755 
   586.132      0.740 
   586.407      0.737 
   586.683      0.735 
   586.958      0.733 
   587.234      0.732 
   587.510      0.732 
   587.786      0.733 
   588.063      0.734 
   588.339      0.737 
   588.616      0.741 
   588.894      0.745 
   589.171      0.751 
   589.727      0.764 
   590.563      0.789 
   592.242      0.842 
   593.085      0.868 
   595.912      0.951 
   596.481      0.968 
   597.051      0.982 
   597.336      0.988 
   597.622      0.993 
   597.908      0.997 
   598.194      0.999 
   598.480      1.000 
   598.767      0.999 
   599.054      0.995 
   599.341      0.990 
   599.628      0.982 
   599.916      0.971 
   600.204      0.957 
   600.493      0.941 
   600.781      0.922 
   601.070      0.901 
   601.649      0.850 
   601.938      0.821 
   602.519      0.757 
   603.100      0.686 
   604.851      0.462 
   605.437      0.391 
   606.318      0.294 
   606.907      0.237 
   607.497      0.188 
   607.792      0.166 
   608.088      0.146 
   608.680      0.112 
   608.977      0.097 
   609.273      0.084 
   609.570      0.072 
   609.868      0.061 
   610.166      0.052 
   610.464      0.044 
   610.762      0.037 
   611.060      0.031 
   611.359      0.026 
   611.658      0.022 
   611.958      0.018 
   612.258      0.015 
   612.558      0.012 
   612.858      0.010 
   613.159      0.008 
   613.460      0.006 
   613.761      0.005 
   614.062      0.004 
   614.364      0.003 
   614.666      0.003 
   614.969      0.002 
   615.574      0.001 
   616.181      0.001 
   617.094      0.000 
   618.009      0.000 
   618.315      0.000 
   638.855      0.000 
