   125.006      0.000 
   339.536      0.000 
   373.860      0.000 
   387.898      0.000 
   397.267      0.001 
   401.865      0.001 
   407.365      0.002 
   410.846      0.003 
   419.252      0.004 
   421.372      0.005 
   424.809      0.006 
   425.967      0.007 
   428.596      0.008 
   431.406      0.010 
   433.050      0.011 
   435.161      0.012 
   436.224      0.013 
   438.520      0.016 
   440.995      0.018 
   444.286      0.022 
   445.395      0.023 
   447.788      0.025 
   449.236      0.026 
   450.369      0.028 
   452.981      0.031 
   455.955      0.035 
   456.788      0.036 
   457.624      0.038 
   458.800      0.041 
   461.340      0.049 
   462.193      0.051 
   464.080      0.054 
   465.116      0.056 
   468.428      0.064 
   469.484      0.068 
   470.721      0.074 
   473.216      0.089 
   475.737      0.101 
   478.103      0.115 
   478.652      0.118 
   479.203      0.120 
   479.570      0.121 
   479.754      0.121 
   480.123      0.121 
   480.492      0.121 
   481.047      0.120 
   483.092      0.114 
   483.653      0.114 
   484.027      0.113 
   484.215      0.113 
   484.590      0.114 
   484.966      0.114 
   485.720      0.117 
   486.476      0.120 
   488.377      0.129 
   489.524      0.133 
   490.100      0.134 
   490.677      0.135 
   491.256      0.135 
   492.611      0.136 
   492.999      0.136 
   493.389      0.137 
   494.169      0.139 
   494.756      0.141 
   495.540      0.146 
   496.327      0.154 
   499.102      0.189 
   500.300      0.201 
   501.102      0.205 
   502.715      0.211 
   503.525      0.215 
   506.175      0.230 
   508.440      0.239 
   509.061      0.243 
   509.684      0.249 
   510.934      0.270 
   513.663      0.335 
   516.422      0.388 
   519.427      0.465 
   520.075      0.475 
   520.508      0.478 
   520.725      0.478 
   521.159      0.476 
   521.376      0.473 
   522.248      0.453 
   525.541      0.326 
   526.427      0.302 
   527.315      0.287 
   527.983      0.281 
   528.206      0.281 
   528.430      0.280 
   528.653      0.280 
   529.101      0.281 
   529.549      0.283 
   531.802      0.298 
   532.481      0.300 
   532.708      0.301 
   532.935      0.301 
   533.163      0.300 
   533.618      0.299 
   534.302      0.295 
   537.288      0.271 
   537.981      0.268 
   538.213      0.267 
   538.445      0.267 
   538.677      0.268 
   539.142      0.270 
   540.073      0.279 
   541.008      0.296 
   544.070      0.377 
   545.494      0.405 
   546.448      0.416 
   549.089      0.434 
   551.268      0.455 
   551.998      0.460 
   552.486      0.461 
   552.730      0.461 
   552.975      0.460 
   553.465      0.458 
   554.939      0.445 
   555.185      0.444 
   555.679      0.442 
   555.926      0.442 
   556.174      0.443 
   556.421      0.445 
   557.165      0.458 
   558.410      0.501 
   561.672      0.667 
   564.972      0.784 
   568.053      0.961 
   568.828      0.992 
   569.346      1.000 
   569.606      0.999 
   569.866      0.996 
   570.386      0.978 
   570.907      0.946 
   571.690      0.873 
   575.374      0.352 
   576.435      0.229 
   577.234      0.158 
   578.302      0.090 
   579.374      0.047 
   580.450      0.023 
   581.260      0.013 
   582.072      0.007 
   582.886      0.003 
   583.703      0.002 
   584.249      0.001 
   584.795      0.001 
   586.441      0.000 
   800.000      0.000 
