   422.915      0.000 
   431.828      0.000 
   439.109      0.001 
   443.628      0.001 
   447.119      0.001 
   459.276      0.001 
   463.706      0.002 
   469.277      0.003 
   471.045      0.003 
   475.706      0.004 
   482.314      0.006 
   486.254      0.007 
   490.644      0.009 
   496.490      0.011 
   498.868      0.012 
   500.466      0.013 
   501.671      0.014 
   502.679      0.015 
   505.526      0.017 
   507.991      0.019 
   509.025      0.020 
   509.648      0.020 
   510.272      0.021 
   512.994      0.025 
   515.108      0.027 
   515.746      0.028 
   516.598      0.029 
   517.240      0.030 
   517.883      0.031 
   519.605      0.035 
   520.470      0.037 
   521.339      0.038 
   522.865      0.041 
   523.522      0.042 
   524.400      0.044 
   526.388      0.048 
   527.054      0.049 
   527.499      0.050 
   528.167      0.051 
   528.838      0.051 
   529.510      0.052 
   530.859      0.052 
   531.536      0.052 
   532.215      0.052 
   532.669      0.052 
   533.351      0.053 
   534.034      0.055 
   534.719      0.056 
   536.095      0.060 
   536.786      0.061 
   537.479      0.063 
   538.173      0.064 
   538.869      0.065 
   539.567      0.065 
   541.906      0.066 
   543.083      0.067 
   544.028      0.068 
   544.502      0.069 
   544.977      0.069 
   545.691      0.071 
   546.406      0.073 
   547.124      0.075 
   547.603      0.077 
   548.084      0.079 
   548.805      0.082 
   550.740      0.092 
   551.712      0.097 
   552.200      0.099 
   552.688      0.101 
   554.650      0.108 
   555.389      0.111 
   555.883      0.114 
   556.626      0.118 
   557.122      0.121 
   558.616      0.131 
   559.115      0.134 
   559.616      0.137 
   560.118      0.139 
   560.620      0.141 
   561.123      0.143 
   561.628      0.143 
   562.639      0.145 
   563.146      0.146 
   563.654      0.147 
   563.908      0.147 
   564.162      0.148 
   564.417      0.149 
   564.672      0.151 
   565.183      0.154 
   565.438      0.156 
   565.950      0.160 
   566.720      0.168 
   569.301      0.197 
   570.080      0.205 
   571.383      0.218 
   572.168      0.227 
   572.692      0.234 
   573.480      0.244 
   574.007      0.253 
   575.593      0.278 
   576.123      0.286 
   576.389      0.289 
   576.655      0.292 
   576.921      0.295 
   577.187      0.297 
   577.454      0.299 
   577.721      0.300 
   577.988      0.301 
   578.255      0.301 
   578.523      0.300 
   578.791      0.299 
   579.059      0.297 
   579.327      0.295 
   579.596      0.292 
   579.865      0.289 
   580.134      0.285 
   580.673      0.277 
   582.296      0.248 
   582.839      0.239 
   583.111      0.235 
   583.655      0.228 
   583.928      0.225 
   584.201      0.222 
   584.474      0.220 
   584.748      0.218 
   585.021      0.217 
   585.295      0.216 
   585.569      0.215 
   585.844      0.215 
   586.119      0.215 
   586.394      0.216 
   586.669      0.216 
   586.944      0.217 
   587.220      0.218 
   587.772      0.221 
   588.880      0.227 
   589.435      0.229 
   589.713      0.230 
   589.992      0.231 
   590.270      0.231 
   590.549      0.232 
   590.828      0.232 
   591.108      0.232 
   591.387      0.232 
   591.667      0.232 
   591.947      0.231 
   592.228      0.231 
   592.789      0.229 
   593.352      0.227 
   594.198      0.223 
   595.898      0.214 
   596.751      0.210 
   597.607      0.206 
   598.179      0.204 
   598.466      0.203 
   598.752      0.203 
   599.039      0.202 
   599.327      0.202 
   599.614      0.202 
   599.902      0.202 
   600.190      0.203 
   600.478      0.204 
   600.767      0.205 
   601.056      0.206 
   601.345      0.208 
   601.634      0.211 
   601.924      0.213 
   602.214      0.216 
   602.504      0.220 
   602.795      0.223 
   603.377      0.232 
   604.252      0.247 
   606.303      0.285 
   607.187      0.301 
   607.777      0.310 
   608.369      0.318 
   610.449      0.345 
   611.045      0.354 
   611.643      0.363 
   611.943      0.369 
   612.543      0.381 
   613.144      0.394 
   614.953      0.435 
   615.559      0.447 
   615.862      0.452 
   616.166      0.456 
   616.470      0.460 
   616.774      0.463 
   617.078      0.466 
   617.383      0.467 
   617.688      0.468 
   617.994      0.467 
   618.299      0.466 
   618.605      0.464 
   618.912      0.462 
   619.218      0.459 
   619.525      0.455 
   620.448      0.444 
   621.064      0.437 
   621.373      0.434 
   621.682      0.432 
   621.991      0.431 
   622.301      0.431 
   622.611      0.432 
   622.921      0.434 
   623.232      0.437 
   623.543      0.441 
   623.854      0.446 
   624.165      0.452 
   624.477      0.460 
   624.789      0.468 
   625.415      0.487 
   626.041      0.508 
   627.613      0.564 
   628.244      0.585 
   629.192      0.614 
   630.780      0.659 
   631.417      0.679 
   632.056      0.703 
   632.695      0.730 
   633.016      0.745 
   633.658      0.779 
   634.301      0.816 
   635.914      0.914 
   636.562      0.949 
   636.886      0.964 
   637.211      0.976 
   637.536      0.987 
   637.861      0.994 
   638.187      0.999 
   638.513      1.000 
   638.839      0.998 
   639.166      0.992 
   639.493      0.982 
   639.820      0.968 
   640.148      0.951 
   640.476      0.930 
   640.804      0.906 
   641.133      0.879 
   641.791      0.815 
   642.451      0.743 
   644.438      0.503 
   645.436      0.389 
   646.438      0.287 
   647.107      0.229 
   647.442      0.204 
   648.114      0.158 
   648.786      0.120 
   649.123      0.104 
   649.461      0.090 
   649.798      0.077 
   650.136      0.066 
   650.474      0.056 
   650.813      0.047 
   651.152      0.040 
   651.491      0.033 
   651.831      0.028 
   652.171      0.023 
   652.512      0.019 
   652.853      0.015 
   653.194      0.013 
   653.535      0.010 
   653.877      0.008 
   654.219      0.007 
   654.562      0.005 
   654.905      0.004 
   655.248      0.003 
   655.592      0.003 
   655.936      0.002 
   656.625      0.001 
   657.315      0.001 
   658.008      0.000 
   659.048      0.000 
   659.396      0.000 
   682.808      0.000 
