   125.006      0.000 
   321.213      0.000 
   339.167      0.000 
   347.947      0.000 
   359.971      0.001 
   367.161      0.002 
   368.786      0.002 
   370.535      0.002 
   371.968      0.003 
   374.869      0.004 
   376.223      0.004 
   379.305      0.005 
   380.344      0.006 
   381.738      0.006 
   386.100      0.009 
   386.937      0.009 
   388.742      0.011 
   390.808      0.013 
   393.267      0.015 
   394.384      0.017 
   399.170      0.025 
   400.064      0.026 
   401.865      0.028 
   402.901      0.030 
   403.942      0.032 
   405.383      0.035 
   408.030      0.043 
   410.172      0.048 
   410.981      0.050 
   413.155      0.057 
   415.213      0.062 
   415.904      0.063 
   416.597      0.064 
   416.875      0.064 
   417.293      0.064 
   418.410      0.064 
   418.831      0.064 
   419.252      0.064 
   419.674      0.065 
   420.239      0.066 
   420.805      0.067 
   421.941      0.071 
   422.654      0.075 
   423.513      0.079 
   425.677      0.094 
   428.156      0.108 
   429.332      0.116 
   430.663      0.127 
   431.704      0.136 
   434.405      0.166 
   435.616      0.178 
   439.290      0.206 
   441.462      0.220 
   442.870      0.230 
   443.656      0.234 
   443.971      0.235 
   444.286      0.235 
   444.444      0.235 
   444.603      0.235 
   444.919      0.234 
   445.236      0.233 
   445.712      0.230 
   446.508      0.223 
   449.721      0.192 
   450.532      0.187 
   451.019      0.185 
   451.182      0.185 
   451.345      0.185 
   451.508      0.185 
   451.834      0.186 
   452.325      0.188 
   452.981      0.194 
   453.803      0.204 
   456.288      0.241 
   457.792      0.269 
   461.170      0.338 
   462.535      0.376 
   464.770      0.455 
   465.810      0.487 
   468.252      0.551 
   469.484      0.579 
   470.013      0.588 
   470.544      0.595 
   471.076      0.600 
   472.322      0.608 
   473.037      0.616 
   473.754      0.628 
   475.737      0.672 
   476.463      0.681 
   476.826      0.682 
   477.008      0.682 
   477.373      0.681 
   477.737      0.678 
   478.652      0.664 
   479.386      0.647 
   480.123      0.624 
   480.862      0.592 
   481.603      0.551 
   483.840      0.399 
   484.966      0.336 
   485.531      0.315 
   486.098      0.300 
   486.665      0.291 
   487.045      0.288 
   487.234      0.287 
   487.424      0.286 
   487.615      0.287 
   487.805      0.287 
   488.186      0.289 
   488.950      0.297 
   489.908      0.314 
   492.805      0.381 
   493.778      0.400 
   495.540      0.429 
   496.722      0.458 
   498.107      0.513 
   502.311      0.706 
   504.541      0.814 
   505.561      0.850 
   506.175      0.861 
   506.586      0.864 
   506.791      0.864 
   506.997      0.864 
   507.408      0.861 
   508.647      0.848 
   509.061      0.846 
   509.269      0.846 
   509.684      0.848 
   509.892      0.851 
   510.517      0.863 
   512.821      0.939 
   513.875      0.967 
   514.509      0.978 
   515.358      0.990 
   515.996      0.997 
   516.422      0.999 
   516.636      1.000 
   516.849      1.000 
   517.063      0.999 
   517.491      0.994 
   517.920      0.984 
   518.350      0.968 
   518.995      0.929 
   519.642      0.870 
   520.725      0.732 
   523.560      0.299 
   524.439      0.196 
   525.100      0.137 
   525.984      0.079 
   526.870      0.043 
   527.315      0.031 
   527.983      0.018 
   528.653      0.010 
   529.325      0.005 
   529.998      0.003 
   530.898      0.001 
   531.350      0.001 
   532.255      0.000 
   533.163      0.000 
   534.074      0.000 
   800.000      0.000 
