   125.006      0.000 
   252.449      0.000 
   276.886      0.000 
   284.706      0.000 
   293.669      0.001 
   300.084      0.001 
   303.067      0.001 
   306.335      0.001 
   308.833      0.001 
   312.617      0.002 
   313.952      0.002 
   316.736      0.003 
   319.000      0.004 
   320.061      0.004 
   322.539      0.005 
   324.886      0.006 
   326.926      0.006 
   329.077      0.008 
   329.685      0.008 
   330.994      0.007 
   331.521      0.008 
   332.049      0.008 
   333.111      0.009 
   333.645      0.009 
   334.269      0.009 
   335.886      0.008 
   336.519      0.008 
   337.883      0.009 
   338.524      0.009 
   340.925      0.009 
   343.171      0.009 
   344.116      0.009 
   344.875      0.010 
   345.638      0.010 
   346.404      0.011 
   347.174      0.011 
   348.626      0.013 
   350.877      0.016 
   352.759      0.018 
   353.857      0.020 
   354.962      0.023 
   358.218      0.031 
   360.490      0.037 
   361.637      0.040 
   365.230      0.046 
   367.809      0.050 
   370.755      0.055 
   371.306      0.056 
   372.301      0.059 
   373.860      0.064 
   374.532      0.066 
   375.319      0.068 
   376.790      0.070 
   377.472      0.071 
   378.158      0.073 
   379.535      0.078 
   380.113      0.079 
   380.575      0.080 
   380.807      0.080 
   381.039      0.080 
   381.505      0.079 
   382.555      0.077 
   382.907      0.077 
   383.142      0.077 
   383.377      0.077 
   383.730      0.077 
   384.084      0.077 
   384.556      0.078 
   385.981      0.083 
   386.578      0.085 
   386.937      0.085 
   387.297      0.086 
   387.657      0.086 
   388.742      0.085 
   389.105      0.086 
   389.347      0.086 
   389.712      0.086 
   390.076      0.087 
   390.686      0.090 
   391.543      0.095 
   393.144      0.106 
   394.011      0.111 
   394.882      0.115 
   397.014      0.123 
   398.279      0.130 
   399.425      0.137 
   402.382      0.159 
   403.291      0.164 
   405.121      0.174 
   406.174      0.181 
   406.835      0.187 
   407.498      0.194 
   409.500      0.220 
   410.442      0.230 
   411.252      0.237 
   413.018      0.250 
   413.839      0.257 
   414.800      0.269 
   417.014      0.300 
   417.711      0.307 
   418.270      0.311 
   418.690      0.314 
   419.111      0.315 
   419.533      0.316 
   420.946      0.319 
   421.799      0.321 
   422.797      0.326 
   424.520      0.337 
   425.242      0.341 
   425.967      0.344 
   426.257      0.345 
   426.694      0.345 
   426.985      0.346 
   427.277      0.346 
   427.862      0.345 
   428.449      0.344 
   429.627      0.342 
   430.071      0.341 
   430.367      0.341 
   430.663      0.341 
   430.960      0.341 
   431.406      0.342 
   431.854      0.344 
   432.152      0.345 
   432.751      0.350 
   434.707      0.372 
   435.313      0.378 
   435.920      0.382 
   436.376      0.383 
   436.529      0.383 
   436.681      0.383 
   436.987      0.383 
   438.212      0.380 
   438.673      0.379 
   438.827      0.379 
   438.982      0.379 
   439.136      0.379 
   439.599      0.381 
   440.218      0.387 
   440.839      0.395 
   442.556      0.425 
   443.184      0.434 
   443.813      0.441 
   444.129      0.442 
   444.444      0.443 
   444.603      0.443 
   444.761      0.442 
   445.236      0.440 
   446.987      0.425 
   447.467      0.423 
   447.788      0.422 
   447.948      0.422 
   448.109      0.422 
   448.270      0.422 
   448.430      0.422 
   448.914      0.424 
   450.532      0.438 
   451.182      0.442 
   451.671      0.443 
   451.834      0.443 
   451.998      0.443 
   452.161      0.443 
   452.653      0.440 
   453.145      0.436 
   454.959      0.413 
   455.456      0.407 
   455.955      0.404 
   456.288      0.403 
   456.454      0.402 
   456.621      0.402 
   456.788      0.403 
   457.289      0.404 
   459.306      0.419 
   459.812      0.421 
   460.151      0.421 
   460.320      0.422 
   460.490      0.422 
   460.660      0.421 
   460.999      0.421 
   462.706      0.414 
   463.220      0.413 
   463.564      0.413 
   463.908      0.413 
   464.080      0.413 
   464.425      0.415 
   464.770      0.417 
   465.289      0.422 
   466.331      0.437 
   469.307      0.500 
   470.013      0.513 
   470.721      0.523 
   471.254      0.528 
   471.965      0.533 
   472.679      0.536 
   474.113      0.539 
   474.834      0.543 
   475.556      0.548 
   476.281      0.556 
   477.555      0.578 
   480.123      0.631 
   480.862      0.643 
   481.417      0.650 
   482.160      0.655 
   482.532      0.657 
   482.719      0.657 
   482.905      0.658 
   483.092      0.658 
   483.465      0.657 
   483.840      0.656 
   485.720      0.648 
   486.098      0.648 
   486.287      0.647 
   486.476      0.648 
   486.855      0.649 
   487.234      0.651 
   487.805      0.657 
   488.568      0.670 
   489.333      0.689 
   491.642      0.763 
   492.417      0.784 
   492.999      0.795 
   493.389      0.800 
   493.778      0.802 
   493.974      0.803 
   494.169      0.803 
   494.560      0.802 
   495.148      0.797 
   496.919      0.776 
   497.315      0.773 
   497.512      0.772 
   497.711      0.772 
   498.107      0.774 
   498.504      0.778 
   499.301      0.796 
   500.100      0.826 
   502.311      0.939 
   503.119      0.974 
   503.931      0.995 
   504.134      0.998 
   504.337      1.000 
   504.541      1.001 
   504.745      1.000 
   505.153      0.996 
   505.970      0.977 
   508.233      0.885 
   509.061      0.857 
   509.892      0.839 
   510.308      0.835 
   510.517      0.835 
   510.725      0.835 
   511.143      0.838 
   511.771      0.850 
   512.400      0.867 
   514.721      0.944 
   515.358      0.957 
   515.783      0.961 
   515.996      0.962 
   516.209      0.962 
   516.422      0.961 
   516.849      0.956 
   517.491      0.941 
   518.350      0.910 
   521.159      0.770 
   522.248      0.723 
   523.341      0.690 
   523.999      0.680 
   524.439      0.677 
   524.659      0.677 
   525.100      0.681 
   525.984      0.698 
   526.870      0.727 
   529.101      0.818 
   529.998      0.840 
   530.223      0.843 
   530.448      0.844 
   530.673      0.844 
   531.124      0.841 
   531.802      0.826 
   532.481      0.801 
   535.447      0.651 
   536.136      0.632 
   536.596      0.627 
   536.826      0.627 
   537.057      0.630 
   537.288      0.634 
   537.750      0.648 
   538.213      0.669 
   539.142      0.733 
   541.712      0.949 
   542.417      0.984 
   542.652      0.992 
   542.888      0.996 
   543.124      0.998 
   543.360      0.997 
   544.070      0.977 
   545.019      0.913 
   548.366      0.551 
   549.089      0.491 
   549.813      0.451 
   550.297      0.436 
   550.540      0.432 
   550.782      0.430 
   551.025      0.431 
   551.511      0.439 
   552.242      0.468 
   555.185      0.645 
   555.926      0.667 
   556.174      0.670 
   556.421      0.670 
   556.917      0.662 
   557.414      0.644 
   558.410      0.578 
   561.672      0.246 
   563.444      0.112 
   564.462      0.064 
   565.483      0.034 
   566.508      0.017 
   567.279      0.009 
   568.053      0.005 
   568.828      0.003 
   569.606      0.001 
   570.646      0.000 
   572.213      0.000 
   800.000      0.000 
