   125.006      0.000 
   295.125      0.000 
   308.223      0.000 
   317.864      0.000 
   327.869      0.000 
   336.338      0.000 
   344.116      0.001 
   347.947      0.001 
   350.385      0.002 
   352.659      0.002 
   354.962      0.002 
   357.296      0.002 
   359.041      0.003 
   359.660      0.003 
   360.179      0.003 
   361.428      0.003 
   362.056      0.002 
   362.687      0.003 
   364.166      0.003 
   364.910      0.003 
   367.485      0.002 
   369.440      0.002 
   371.526      0.002 
   372.745      0.002 
   376.903      0.002 
   381.272      0.003 
   382.205      0.004 
   383.142      0.004 
   385.743      0.006 
   388.018      0.008 
   389.105      0.008 
   391.911      0.011 
   395.757      0.014 
   396.888      0.014 
   398.533      0.015 
   399.297      0.015 
   400.064      0.015 
   401.606      0.017 
   402.253      0.017 
   402.901      0.018 
   404.073      0.018 
   404.596      0.019 
   405.252      0.019 
   405.910      0.020 
   407.764      0.025 
   408.563      0.026 
   408.965      0.026 
   409.500      0.027 
   409.903      0.027 
   411.117      0.026 
   411.523      0.026 
   411.929      0.026 
   412.337      0.027 
   412.746      0.027 
   414.525      0.030 
   414.938      0.031 
   415.351      0.031 
   415.766      0.031 
   416.181      0.031 
   416.597      0.031 
   417.851      0.030 
   418.550      0.029 
   419.111      0.029 
   420.239      0.030 
   420.663      0.030 
   421.088      0.030 
   421.372      0.030 
   421.799      0.029 
   422.226      0.028 
   424.088      0.024 
   424.665      0.023 
   424.953      0.023 
   425.242      0.023 
   425.677      0.023 
   426.112      0.024 
   428.156      0.026 
   428.596      0.027 
   429.037      0.027 
   429.775      0.027 
   431.406      0.027 
   432.003      0.027 
   432.601      0.027 
   433.351      0.028 
   434.707      0.029 
   436.376      0.031 
   437.445      0.033 
   440.373      0.038 
   441.306      0.039 
   443.184      0.041 
   444.286      0.043 
   445.077      0.045 
   445.712      0.047 
   448.109      0.055 
   449.075      0.058 
   450.045      0.061 
   451.834      0.064 
   452.489      0.065 
   453.309      0.068 
   454.133      0.072 
   456.788      0.091 
   457.959      0.098 
   458.463      0.099 
   459.137      0.101 
   459.643      0.102 
   460.999      0.103 
   461.510      0.103 
   462.193      0.104 
   462.706      0.106 
   463.908      0.111 
   466.331      0.125 
   467.028      0.128 
   467.727      0.129 
   468.077      0.130 
   468.604      0.130 
   468.955      0.131 
   469.484      0.130 
   470.544      0.129 
   473.575      0.126 
   474.293      0.125 
   474.654      0.125 
   475.014      0.126 
   475.376      0.126 
   475.737      0.127 
   476.463      0.129 
   477.190      0.132 
   479.386      0.143 
   480.123      0.146 
   480.677      0.146 
   481.047      0.146 
   481.417      0.146 
   483.092      0.142 
   483.465      0.142 
   483.653      0.142 
   483.840      0.142 
   484.027      0.142 
   484.402      0.143 
   485.154      0.147 
   485.909      0.154 
   486.665      0.165 
   488.759      0.200 
   489.333      0.207 
   489.908      0.212 
   490.292      0.213 
   490.485      0.214 
   490.677      0.214 
   490.870      0.213 
   491.256      0.212 
   491.836      0.208 
   493.583      0.189 
   494.169      0.184 
   494.756      0.180 
   494.951      0.180 
   495.148      0.180 
   495.344      0.180 
   495.540      0.180 
   495.737      0.181 
   496.327      0.185 
   497.117      0.194 
   499.301      0.225 
   499.900      0.230 
   500.300      0.232 
   500.501      0.232 
   500.701      0.232 
   500.902      0.231 
   501.102      0.230 
   501.907      0.222 
   504.541      0.178 
   505.153      0.170 
   505.766      0.164 
   506.175      0.161 
   506.791      0.158 
   508.440      0.154 
   509.269      0.151 
   510.308      0.144 
   513.031      0.124 
   513.663      0.121 
   514.086      0.120 
   514.509      0.119 
   514.933      0.119 
   515.145      0.119 
   515.570      0.119 
   516.422      0.122 
   517.706      0.128 
   520.291      0.145 
   521.594      0.151 
   522.248      0.154 
   523.122      0.156 
   525.541      0.161 
   526.427      0.163 
   527.315      0.167 
   527.983      0.170 
   529.549      0.180 
   533.390      0.213 
   534.302      0.219 
   535.217      0.224 
   536.136      0.226 
   536.596      0.227 
   537.057      0.227 
   537.519      0.227 
   537.981      0.227 
   540.073      0.223 
   540.541      0.223 
   541.008      0.223 
   541.477      0.223 
   541.947      0.224 
   542.652      0.226 
   543.596      0.232 
   544.544      0.241 
   547.885      0.285 
   548.847      0.295 
   549.571      0.301 
   550.297      0.304 
   550.540      0.305 
   551.025      0.305 
   551.268      0.305 
   551.755      0.305 
   553.220      0.303 
   553.710      0.302 
   553.955      0.302 
   554.447      0.303 
   554.693      0.304 
   555.185      0.307 
   555.926      0.314 
   556.421      0.321 
   557.414      0.342 
   561.167      0.454 
   561.924      0.472 
   562.683      0.484 
   563.190      0.489 
   563.444      0.490 
   563.698      0.491 
   563.952      0.491 
   564.462      0.490 
   565.227      0.483 
   568.311      0.439 
   569.087      0.433 
   569.346      0.432 
   569.606      0.432 
   569.866      0.432 
   570.125      0.433 
   570.646      0.438 
   571.690      0.455 
   572.738      0.482 
   575.904      0.582 
   576.967      0.601 
   577.501      0.606 
   577.768      0.607 
   578.035      0.607 
   578.570      0.604 
   579.106      0.599 
   580.181      0.579 
   584.249      0.468 
   585.892      0.432 
   587.268      0.412 
   588.097      0.405 
   588.651      0.404 
   588.928      0.404 
   589.206      0.405 
   589.762      0.408 
   590.877      0.420 
   591.996      0.441 
   594.813      0.501 
   595.948      0.517 
   596.232      0.519 
   596.801      0.521 
   597.086      0.521 
   597.657      0.518 
   598.516      0.508 
   601.395      0.451 
   602.265      0.439 
   602.845      0.436 
   603.136      0.437 
   603.719      0.442 
   604.011      0.446 
   604.595      0.461 
   605.767      0.511 
   606.943      0.587 
   610.203      0.839 
   611.396      0.898 
   611.995      0.912 
   612.295      0.915 
   612.595      0.915 
   613.196      0.906 
   614.402      0.854 
   618.659      0.517 
   619.886      0.457 
   620.501      0.445 
   620.810      0.443 
   621.118      0.445 
   621.736      0.458 
   622.665      0.503 
   623.908      0.601 
   627.353      0.933 
   628.299      0.985 
   628.931      0.999 
   629.247      1.000 
   629.564      0.996 
   630.199      0.976 
   631.473      0.886 
   635.970      0.350 
   637.918      0.176 
   638.896      0.117 
   640.205      0.064 
   641.519      0.032 
   642.178      0.022 
   643.170      0.012 
   644.164      0.006 
   645.494      0.003 
   646.162      0.002 
   646.831      0.001 
   647.501      0.001 
   648.845      0.000 
   649.182      0.000 
   800.000      0.000 
